2878037
9151082
3728381
2626378
7641736
5180768
5280940
4683172
7099564
8690493
1874252
2279664
7046090
7365035
4852238
3179930
5310043
5712777
3225405
4936124
8165501
5508430
3246942
7767489
6128155
7302861
8963778
6872625
3653058
3472247
7168888
9626868
9957621
4990489
5435132
3848358
5787341
9337576
4548184
3542463
7464994
3350289
5662129
7563305
6265606
5237003
7922329
1348771
1665437
3419902
8703150
9468233
1102732
2885468
4705104
5267760
9102296
3847003
4815348
1253986
2237847
8283438
8997895
1850120
6209576
8801104
2727408
6315142
7971368
7455661
6877788
4099011
5337421
6306395
6416885
4207743
8625329
5029920
5458589
6091458
4103105
4939213
6330540
1312566
4129926
9116808
8559574
7057706
4845890
4961979
8979019
2466681
5245604
9239716
1085369
4838121
6574896
3959492
9115876
1113463
2117520
3576458
5353685
4803545
6778997
4193474
1757431
6356644
3250525
2937303
2235056
7385512
4483654
7244495
3844310
5438552
3542565
8047183
4657852
9872327
9460001
8649379
3527537
4042466
5205153
1646415
4900903
6925772
5483852
4865893
1218453
9591154
2268359
5649154
7842092
7617727
8649991
7912534
9029910
6766807
3159597
9655975
2528474
8626427
1812874
4163376
7634754
7334879
9595265
5474029
7502665
3309307
1081986
8825348
7897847
3899625
5608563
2060613
3128684
1812131
2628970
9134212
7816458
3599799
3404394
5047007
9635333
1379698
8476939
6827384
5034067
3746321
6883665
3282239
9731587
4680228
2016012
1006847
6590292
6926789
6305426
9489472
3099414
5014419
5922423
9997687
1809376
3161435
3256233
6905157
7575877
5306379
4281241
2415638
8714800
4033922
9221439
4128621
8355451
8556349
4092557
4564300
5005067
7785784
7970441
4458568
6605879
5275126
8020060
8989046
1726493
2715514
8321186
7332158
2072375
5816360
5887713
8378597
2706315
4650034
1449783
3208660
3660024
9213732
1706876
4924256
9123060
8239674
3200763
4918612
7224735
7252609
5130010
7385689
2822583
8105610
4381564
7665150
1184865
6802005
1916282
1245701
7012714
2859795
9225843
1776958
7395786
3672723
9167854
9576293
3841821
4954718
6926849
6916567
7082924
3703765
2900457
9733802
1149034
3121275
9027339
2210338
7324610
1331140
1162743
3293762
2133057
4458728
3943942
3432469
1891227
4962285
5553082
6517827
8492224
1503803
9937936
9228374
4864599
4191300
4794979
8533348
5097686
8153641
3517298
6349552
7823146
4581430
8665518
6043037
5109587
9691737
7954270
1684552
2519939
9162901
8426445
6212170
6069962
2150005
2467593
5286829
3399187
5164376
9122218
9248141
1359301
5559459
7542329
3720058
7392304
2416532
5125925
5689665
3746299
2679777
4780496
1375450
4088286
1384798
6923281
6171905
8176188
4769004
3251002
1109129
3909741
8859611
4828211
9982269
9265709
4098840
2059636
6868359
6137380
6513092
7066356
8794068
8499880
9919545
5908647
1162370
7190116
4772723
6612516
7452977
6401439
1795445
2455247
9687292
7517467
5161088
6632006
3257970
6116673
8373844
4048177
5955854
7201737
1954866
6794121
6997773
5723529
5468069
6609050
7615144
4483107
2188150
9345915
5339185
2626441
5388302
5694170
1475020
2116146
9175074
3384086
5417520
3594652
3200814
5356072
4894753
2536930
1890478
1835942
1771167
8671739
2319582
1163467
8413681
6983107
6481893
4589470
5082098
6851437
4856783
8530512
6650375
9543266
2355144
7970851
7897668
2977087
6549107
5993102
5594068
9309053
3994912
3675189
2942163
3547295
1807256
5874616
7309395
7082920
8510598
2232446
4329583
6557535
4291826
4889524
5906895
7888932
5549887
7346259
9167851
1618009
4583305
2884138
3344664
8413894
4680671
1879382
5839231
3558850
9816057
4683054
3883810
6368285
7904898
1054256
5465755
6605294
2565228
7914241
2501551
1233515
5813345
9744215
1743332
2752318
3652989
4294193
1458745
1378759
5142162
8028094
9214413
2253423
8568041
3383882
8263326
7764693
7795706
7908636
7425790
8775308
4429650
6078929
6563765
7645457
5346286
3524649
5765760
2727908
9119217
2347752
2386462
8610846
9681151
4213831
7149931
7064739
1792207
3452431
1646148
3553348
1944870
8347082
4074421
6631232
3833826
3202811
5048439
4228807
5408081
9531465
5348910
2345396
1635649
7452338
7445452
7563576
4212099
2509714
7756059
5472909
9816307
5520547
5659984
2375444
7423188
7496082
6944651
9576484
1207368
6554306
3499436
1335730
2399367
7534724
1501826
6194847
9552270
1047735
3628310
7562253
8437225
1848321
6152672
3216615
6907372
4262988
5793449
3185375
6011850
6629075
2563272
5902670
3990454
3892201
6741820
1497063
1115397
5580957
3549021
2123052
6425764
7862081
2646533
1472380
3579172
3617868
3684599
8363185
7276758
3169998
1253373
5458302
2596970
9252709
1995130
6421977
9653547
3526845
6796538
3071283
4982308
7453070
8728432
9125798
7954960
9094723
4548930
2163134
6330690
6216989
5492779
2364000
3009253
9422181
5585096
3330171
6212687
2782220
5568474
6950488
1641823
9451561
8635576
9648652
1220709
4256307
1459884
1862143
9499447
5715549
7542097
9919226
4828638
7006969
9172958
7154897
4666072
2367067
5830508
7268022
1758443
9971344
7770033
7409869
6376642
8806860
6666980
1143581
9637728
2448055
8185070
5755182
2180571
7338973
9331250
8486582
4460160
7003721
6979419
5586162
5725942
4518050
5113447
7496537
8721836
4430358
2447724
8712470
9662602
6979072
9102745
7872908
7301673
6096630
3273047
3989179
1015787
1460411
3273835
2730916
1141593
3487938
4296617
9272479
4039166
7692719
3844435
5540378
4964712
5955440
6302199
1543518
6546053
6784923
9959846
6247348
6110391
8522857
9912766
2968570
9213266
4489013
9779454
3743770
7885238
9375469
6566380
8335212
9198875
5660055
7248011
3192460
2390405
1113864
3874535
1249972
3810427
2157608
9319385
4559041
6151436
5512196
6463685
3616390
8501002
8037828
9231821
7803666
1793888
3631458
9915338
5630751
1694870
9034600
1105733
3344573
5531518
1925754
6788297
7964519
4370994
2145938
7567145
7601883
1689933
7354222
9585921
5742831
6522006
2695004
2655277
9547980
3035680
7876893
7783953
9549278
5260261
5655651
4615011
9945500
1370657
8438621
2936092
2026311
3591167
9818234
6174090
4049602
5173710
4189566
4085358
2925088
2381900
7057440
5364523
5700687
1842134
9007014
9059998
4744211
4823553
2990683
5552471
5887896
4258949
2502335
6683789
2968021
2085335
2851785
1139617
9794428
3626734
3787459
3089367
8406411
8150534
3931159
2423914
6590823
5184956
9778075
6643343
8959008
5989140
8414738
1918927
4688173
4108626
5946394
9281404
6068095
8237203
7953116
4454694
3865650
2013612
9040041
6626227
2769100
7792857
1764072
3161646
1939282
3875660
8348447
5913038
8654750
3149264
4685015
2795006
7117530
2184071
8059196
4071466
7809278
4744934
5029084
2990191
9665539
7480704
9650883
1707455
1741533
9502164
6295003
5414051
3416578
4665519
7805090
1377157
1029540
7749492
5078067
1036085
1740553
3000264
4777114
1975014
5631686
6696273
5739898
5864676
4172522
7842736
3717271
9848546
7781827
2222505
6713698
6236774
5980778
9676130
6587291
1226266
2239473
2320699
6240670
5834424
3748211
6895495
7819084
3686836
7077192
4777914
9602947
4124286
7392573
2153244
2932679
3033575
8994025
9609902
2622173
3903837
9266367
6968585
4416616
3537754
1806417
9471443
5654848
8387934
5471734
8350402
5613233
3043451
4911112
8609205
1804393
4944191
8935748
3504147
3292349
6378850
2685687
2484290
8496957
2867122
6188708
2263765
8125924
9310728
6560346
6335515
3179151
8466301
1758239
8278466
2464892
3802821
1042759
4919867
4633400
9944717
9005322
9536557
9205273
7047331
2076222
6453280
7840197
8957555
1697194
3063582
5279558
2392538
4829678
8206850
4841837
2191890
3824388
8980741
1550065
6159703
8940395
5575861
9277989
7254088
1834460
5938851
5748030
4707201
9146742
1450401
2826973
1913580
3293840
8710696
8435297
8025380
1691649
6890460
2791348
3523283
9860279
2573466
5721375
2146731
9231085
9883939
1366361
4273982
1832275
6733612
5232457
5781112
9090570
1011716
3250076
7239222
1554142
1094004
6517522
3950228
6949309
2690645
5486196
2899526
2375077
1215164
1589303
7147902
3479740
1775244
7702429
8519003
1538564
4847729
4173843
5704809
5978856
2996675
3671014
7123372
2078897
7417021
4497473
2722840
5728595
4906079
2955381
4387842
5433063
3850201
5116171
5375304
2496710
3675855
5906432
5724810
5439406
1654942
8643503
8944015
4790641
8728852
3201531
1346292
2833301
7142864
2989831
1989899
7572862
8912666
4552058
2829549
7777422
3139788
3113675
9555176
8961846
6003450
4821489
2038548
3602292
8428053
3831698
6599352
8490767
7804719
7826414
2220414
9194411
2732724
1368585
5141262
6351511
5351672
7105917
2706211
4452238
8562806
1337621
7064019
6327433
4940356
8441173
9724884
4158295
9525591
2236307
9925200
4858751
6176182
8425951
6392163
4584306
2539021
5945328
2381493
3637713
7877510
9508304
5380613
3421633
1559762
1864829
4792250
3850973
7089372
1023086
3810374
6126611
9468561
7267254
1422596
3612688
5673950
5183218
7228571
5520664
9737776
8486362
7259875
1842282
4557104
9490295
5576493
4262892
3710487
9602737
7827099
9497664
6172944
8098641
1189429
2331466
6179156
5814065
5713630
8752665
8144450
4693686
1932098
4549152
9143630
5644239
2674964
6974630
6526991
7477004
6185086
5740222
5188133
3194757
5232273
5704689
6329812
1938950
7510400
8967839
5297060
9919958
2548437
1005944
5996923
5892493
3770989
6844197
7964856
4186248
6219851
8724758
4987327
6753358
7624072
5075356
6593347
7952778
6387393
6130285
2585397
9482741
9764052
4757491
7922191
5101993
5830860
4971666
4443690
6423285
2246306
3620618
9886671
3345526
3109329
6765032
2770010
4638894
7300937
3017257
1306408
5265883
5101903
7444072
5674545
6192606
2775652
5646282
7200845
6143939
7584086
2197072
8729988
7763550
7758681
3943201
9553708
2409938
5251428
8168676
9418868
7199712
2301079
7832098
1861821
7851789
2804983
2477680
7636427
4525906
2137116
6873617
2785874
9523675
1663301
3805133
5408455
1898721
9855414
5912637
5736714
8539479
5425769
8970646
9579127
4734380
2844493
8251394
5361849
1005626
2707151
9531709
4592437
9646044
4978897
3523825
4477259
7212517
3469624
6274583
2329546
5290674
3901329
9774077
6709869
8714314
4524802
1079876
7050422
1798327
6142249
6168785
4396970
9096615
9771168
3694564
8421189
2618226
1349957
3976804
1540323
1045333
9096411
5415876
9039715
3888766
4789433
1663819
5223790
3392668
5094619
1167377
9379143
6355266
6002553
6687721
3794976
2917522
1773129
6062071
9324806
1741676
1717595
9071766
3374358
5336336
6102977
6472314
6490609
8031779
3494883
9149183
3836374
8640304
1826938
9038276
4107913
7806652
4150579
1907120
5159314
8646089
6489321
6822024
7751695
3690544
2429719
2364389
1857904
8907642
2254253
4032282
8940118
5414996
3770471
1990630
1228823
8338967
8508843
4725900
5566114
2585330
3393422
1381192
6176325
6741103
8678312
6556960
2889984
8119474
3927556
7371241
5502040
5788526
7986804
6982345
4997242
4193379
5233689
5365364
8814350
1074900
7971109
8450209
1454111
8967159
3534432
6037564
5482747
6707924
7622447
5982555
7119097
6820122
2977768
4463928
9197332
2519381
6281112
4017067
2590681
3789818
5827833
7982818
9077381
5774706
8862704
4069208
9207814
1138558
8047780
8440143
5391532
3933569
1760210
6311320
9105276
1019628
7942989
2804275
2329368
3937930
7459849
2562114
1602240
9589764
6247856
9166887
1274436
7928366
1662599
4597273
8153176
4251025
3718719
2550371
2921852
8664486
2672689
2377208
1675951
1736328
8533298
8751735
9694610
5379638
3419175
1946872
3402340
2360859
3934375
6069210
9590937
8212328
1979632
5508547
5849963
4643019
7223823
7372349
1464985
7545571
8512300
5957705
2750072
4044876
6853175
5007141
3881609
8588233
7492629
7292721
5426523
6486607
2910812
9134574
7183604
7892057
5889926
6667267
6062962
2023176
3162758
5877671
6007315
9383461
1279781
3135964
1120133
7027623
3116140
6520917
3877479
3178396
7148735
1722567
5884784
3225891
9436710
2196036
4797297
2062960
6300674
5780269
3972782
7885493
7771045
1735545
9731981
7777239
2930971
9872725
2961770
7091402
6845753
8085270
6524532
9345851
9924840
7790043
4106894
3995177
5695351
3885156
4293269
1073544
6013569
9899025
1226774
4688439
4762265
2310723
6662400
1814341
6203766
1199205
6136900
1162204
3804059
1964109
9840211
8400213
4523882
4204690
2552620
6954936
2711897
3465667
9741469
2150665
1261465
3012914
7156822
4539568
6851683
6507579
8372770
4680475
6995328
3392394
4945170
9584743
8050059
3465282
7133745
6450469
8988172
8109618
4598937
4672617
6707988
1321890
4049281
7136475
2143570
2097742
7309941
4414051
4045792
4984273
1983395
8806250
4899220
6877582
1371935
5617476
8973348
5793150
7773670
2307271
4498333
4063513
1329595
4439810
2437613
5406763
5350988
5407080
3961219
4388719
4090601
7781554
8993821
8975346
3112261
4830523
5525905
3284775
1287533
1385776
6498717
8875269
1433596
7542413
7044430
1792911
7738973
5982851
4918627
2158251
2743972
5499456
9485510
9905885
4959513
6354080
4180770
3821233
3849538
9764582
3832652
1994973
1918426
5438568
5539692
5822165
6625058
8254013
1601124
1223132
8082512
3307656
5935759
6278143
4647132
4044439
2639541
1399775
5671452
2816428
7978371
9725045
3314376
4696731
8196232
9922399
6004589
4576287
4910022
1807714
3744738
6008806
3413862
9837539
5977096
8836233
9809715
1845289
8622605
5919201
3533644
3334168
8866153
8339834
7006040
4575539
5758013
6705260
4333463
6603180
1310430
7214661
5371757
3884688
2347006
4671832
1212310
2833873
9858417
8739587
8925545
6470724
3432536
9901952
9077720
8847536
5326551
2157013
4259917
4187812
9483413
3212476
7647553
7712838
9765958
5499865
2880607
1014919
6730364
3076379
5428672
8097740
1957014
6362725
9333901
7070794
9616632
8220658
8125850
7548092
2221699
5351957
9161649
5524560
5074367
8127628
8755495
6317430
2161458
2298546
5548899
3380302
9207089
7584559
8811414
4030047
7423322
4103470
4691254
8873822
4006923
2003412
8264473
6801482
8089048
9940521
2141200
4392905
7587826
4181907
1589132
4104200
1294541
2940042
1078354
1099367
7164327
9684637
3907999
8065025
7006814
8764048
7118245
2042171
1161775
8572050
3810640
3000876
4585398
3843537
7922393
5466697
1780027
4733091
7987692
1578223
8109718
3736585
3879010
2883881
2198304
3133795
7294567
9602800
7693411
7596940
5955086
4068355
4363885
4853651
9846512
1042208
5784635
3092260
3633228
3998939
2087625
6101084
4614430
4016475
8051239
4219177
3311989
2832314
5209261
2139592
9772069
7134006
1258660
7906414
2675536
9346820
9976622
6901047
2952198
8233339
7824958
2635452
6761552
5033148
2854880
4681088
6890179
6645884
2551130
2220065
8374106
4495195
3202983
6813881
4387194
4410685
7329464
5026184
6906016
9010744
9434733
3982991
6278770
7570577
6824650
4363380
6304253
7044751
4676683
6619598
4688983
2355211
9636042
6403417
4566563
3411816
9060871
7324723
8956171
4659288
6897771
8034487
9187827
6954956
3314421
4351485
3958329
7710022
3908114
9733850
6496893
2344029
5849123
1792912
1626485
3352016
9139950
1829079
3758886
3940035
6893437
8990372
3148655
4598070
1234295
1548803
7804908
9713077
5302402
6601788
8877845
1787969
4043087
7514337
1895714
3088572
7084604
9283607
7845666
6448187
4589073
9417521
3601742
4096442
7164812
6375384
1376004
4555403
8638504
2404884
9098844
2328958
1671634
1773467
9313937
1993237
3862772
4429930
5436511
1706010
9324658
5300647
4945082
5792833
4787777
9888224
6741947
2342167
5854850
8406345
9252242
3646853
9986801
5881495
9960899
7263464
5052752
5999151
2147690
9471708
4602609
3218054
9608204
3296750
1027899
2825409
5044461
6909106
4713880
5402806
9230968
2942926
7403243
2993536
2823884
2612546
9768270
7174029
1144724
5908278
8136457
8967278
6724675
5334077
7881215
2800663
2106904
3362034
6502152
8326037
3493544
4320630
7180598
5603574
9536850
3849099
6815410
1822608
9642085
4536889
3282726
5799667
4050521
9135372
3067066
2809384
6470276
5810364
2825412
4822502
4811428
9701232
9112415
8408481
2115079
5390818
6379287
1519362
8646678
7844151
3801380
8081355
8150972
7325502
5742787
8786151
9642362
7369170
2708710
3923772
7761065
2084199
7703440
9107012
5446556
5490640
2655333
2059749
5795920
8281550
7899491
4807865
6015961
2972585
9624630
9315409
5770506
8445999
2533873
3021830
8505643
7979384
4043040
5883006
7395922
4059616
1990056
3049629
2012385
8861315
6587722
9573616
2345742
8559956
7983490
4080227
3475513
1103517
7072679
9545969
6719392
2755542
8486889
1388237
7405488
6229447
7999375
1499335
7141444
7017221
5114760
5946966
8897031
8678476
7180825
5481806
2482265
6957078
4367639
4406597
6541480
2560657
7359898
8980406
3992953
6072797
1953669
5420319
2781886
1106245
3780495
6005777
6035017
9085544
4482321
1015380
3305866
4210739
9826094
3736708
2575114
9427314
5108373
1458470
9466128
5951277
2046630
9490011
3090301
3418193
4698460
2268770
8061907
4927454
7958253
6028371
3198751
3488278
6472161
8463077
5031389
1001058
1910312
4151314
2225723
4624681
1913845
3927560
4583192
5287399
7992576
5623045
1819361
3353078
9064689
6782694
7035461
7698841
7477303
1864091
3130562
7586108
9136972
4880039
5564754
9020286
9190640
3431210
8073173
9912455
5291175
4615705
3527278
3152969
7328195
3327933
4913084
9234399
3658631
1798120
8396561
9906375
7076473
4748533
5945234
5300964
3382910
1286272
4165990
5167249
9883148
6011386
8181342
7198368
8357245
5035195
3691294
8118495
1730067
9034095
6921248
5300434
7591201
2510799
3018194
8894749
2878588
1300265
8295231
5981541
1969012
3797336
5215957
4358471
3077061
2875045
5221457
7810651
5933496
8488813
7753896
4106280
4059265
1572581
1807884
2218871
4765690
1192790
4399276
7610525
4237585
5200019
5587326
6357184
4773702
1625954
2754572
7722169
4619433
2878347
8732583
6648403
5624242
2496591
6967538
5069721
4559010
1773038
7907461
8043150
9740600
6868240
9682879
4682237
5673872
7259260
7998980
1892326
2378022
1399651
3877384
2771450
5399362
5427425
2709632
8886415
4069986
5111334
4683853
4357286
7562011
9784624
6353747
6194602
6390980
9965705
5869712
5186426
8439068
4046354
7091366
8996015
8097173
4981822
9358920
4431553
7909884
2015437
1462055
4572906
5964241
9414453
6586685
1495895
4987455
9561384
2839099
1130786
1998021
9284535
5761053
1267910
5123076
9526393
5112442
6672934
4205040
9730951
7969565
9298454
3308925
6891703
9136996
6519125
5616903
7200443
9343796
4105830
2878752
4257873
1955014
7187221
9426116
9736238
2952577
9378522
2372920
5118137
6885360
6615466
3710102
9029322
9948770
6000100
4701134
1767660
3577244
2758012
9534522
2642434
2405190
3863260
1497005
4660169
3988166
5450390
1475571
1442437
3985698
4212072
8039927
3006106
9107107
1455509
5694486
9504246
5500543
1010963
9399565
7914637
2101878
8600242
5797271
9242028
9352939
7873978
6162819
6499121
8357391
8725705
1883714
7379074
8641840
7514058
5004754
3383530
2049379
7478268
5476824
1628085
4397769
7338268
4303615
7741229
3973279
1815973
3813129
3047269
2199686
4496105
5980780
4684905
3475423
9499871
4897737
6485126
9616190
5837472
3383161
6521232
9390237
8902737
7051662
3791445
2589517
5764824
1637267
3094873
3364171
8800761
4932644
5513830
5626235
4904187
4923380
8403464
7909709
2217508
9749647
5227627
3986752
5989743
4350819
8795354
9880806
4059875
4479528
3439687
2119317
7950099
1308998
4673345
2341227
4649610
2823381
7640246
7269518
7484574
6171624
9313070
7396164
7388050
6183135
4701699
1295137
5928484
1428905
6600101
4245148
8266855
1314876
1598836
2030780
7451761
9154859
8806738
4117377
7945378
4779204
8817216
7787610
9608624
1863755
7982703
6920971
6447570
8349123
7449007
5244473
9846474
5719620
3360567
5411987
2604149
2262006
4488599
1101618
9044925
4856829
3723365
9324963
6079398
5309477
9281115
5706026
9821308
7616746
2849767
4352364
4069235
3418339
4900938
9493577
3481243
3498510
7045481
7215596
2629206
5717156
1966447
3023610
2039960
3187231
9411322
6941623
1843497
9336790
7909696
8095395
7056475
8269925
1637280
6076245
1816892
8773970
3040174
4857382
4418596
4180319
3841815
2526478
1944205
8341459
6409360
5490737
6538256
1854814
7251945
9802503
6462952
9207579
4556749
3670455
6215744
7318853
9416444
3835183
6912903
4506718
6371874
9001539
9393846
2042198
8664494
3582118
7916490
7816523
2058356
3370715
7668351
1680539
3232692
5088706
6750526
7457692
1213301
9946470
8948855
3922144
3008128
1131238
2030307
9711310
2406056
6250972
4837755
1086511
5065704
9920479
3435359
4375346
2139451
2780556
2887898
3582724
7767860
1443195
9982674
6660161
4986151
5657612
6914131
6273348
8230302
5759168
7224037
9170453
4686450
2849272
6767039
9367677
6647834
9231743
7177724
3764931
2167303
1434774
6582925
2057695
3421506
8967182
9759393
6926894
7762606
6624597
1724084
7395779
3181791
6917026
2791798
9526806
2919698
6419986
6027896
3419475
3415623
5001822
3007402
8040136
7523485
7463571
6133221
4408344
5724385
4222234
4758943
4232433
2615144
6024834
1717806
4412476
5381958
1124033
3765062
4686229
1896904
8669019
5779982
3573619
2479256
9725578
9950121
5586155
7896437
3414077
3484664
9230136
5838520
5716223
5869737
8914343
3927890
3637290
2542159
1805391
2040611
7717494
3301267
7700046
1566661
6853058
5459966
1542369
7848512
1004134
5849305
9132101
7205310
4784906
6044709
8217816
8837427
3143230
5358021
9417587
5581268
3735471
6481440
8397849
4107254
3045922
6352749
3549001
1804088
5183220
5068667
1149709
9993432
4762403
5077982
5218998
6725909
2136244
1623307
6758743
4845892
4286394
2672523
4800562
1158913
9989130
2351648
3356439
1254894
3955685
5971215
7834189
8976800
5001988
9470207
4222225
2863685
7300484
5370546
7159152
9286273
3705012
4396523
6873059
2325728
2292941
3420606
9743163
2876189
5043025
4696122
5764613
4756614
6339282
4138441
1715355
3371877
6251203
4383006
8052307
2497997
8062265
3671309
3819753
9524845
5019924
8053443
2400655
4878715
5689400
5332164
8738724
2202067
1216728
1569576
5471276
5945492
4523392
2503265
7942702
7864973
5262845
3895240
8227301
7745341
6845741
9094613
9316199
1757069
7689866
4556226
1435822
7494954
6202512
6164423
9865255
3839472
4350123
7882955
9999410
1779532
3283617
4077416
5093452
6951314
8774429
4082641
7035741
9256668
9210013
3425049
1273334
7054399
4878746
5097604
7236417
7328303
4154281
6297218
5065459
8724175
6112602
4800617
2161322
5676164
4943217
9722505
7885998
6393444
6885244
8237008
9064013
8320808
7108542
9600869
9660935
2291108
6267808
4703740
5443414
6051480
1838054
1797701
8157688
7453085
7588877
2797465
1516593
5148772
9261769
8953052
6164715
3504797
2170137
7277831
9549989
2317379
3682082
7709023
4335029
5561931
9197031
4713970
8377995
9685533
7109170
9470372
9528948
7886793
8635273
4807823
9047219
9283645
5264880
2622470
9211475
9814039
3457620
2416565
6979040
4382277
2417554
3432360
6363460
6676465
8338390
9098989
8758809
4528363
8979519
2913475
7417790
3880305
5424887
3259996
4063448
2571541
3770611
4949156
8399540
5688913
9049742
5306286
4636957
7407932
3780333
1796041
7045497
6250002
6797360
2408264
4025705
9611212
1307575
2280303
6289276
1079711
7103398
8951339
2856367
2851133
5646667
1949632
3337241
5762470
6446944
2425770
7733662
1760378
8771373
9328190
1492672
4711032
8145726
7234260
8323759
8971691
8095142
1151818
4781643
1440412
2460267
6548516
1685944
3747039
2539959
8384782
2389507
7117441
7687647
8906124
7803004
5812680
9664306
9272260
6304306
8425094
1207395
1703909
7299609
8149609
1925034
8952605
4387440
6999425
7747691
6379143
5700366
8218512
4686054
7611236
2637766
6983534
8299584
6864255
9408404
4424435
9771928
9325008
7875617
5569237
1615755
5452696
7556107
4090605
7133972
6326317
2046781
5304900
6199639
8934958
3645128
1803043
3377835
9104862
2014031
4693078
8021778
8167952
4727001
7515672
7983364
7176347
4505739
9112238
9398576
6896433
5851231
9141949
1529205
9472316
8857406
7030903
6783464
4190840
2001003
2039465
9418479
7209438
8558205
9429598
5411426
3217183
8300480
3719010
3954866
3980859
4726193
7336258
6368321
4227975
2124654
4009108
9378923
2352523
8205284
9603909
1765182
7143471
4460519
9258550
2279532
8353754
1756315
1439734
1365768
3617581
7825071
8608095
2895605
2235154
7650742
7449447
3688203
9573787
8805465
3966506
9407157
7895857
2616648
1049956
2440165
3778265
8095715
7901368
1194871
8785232
9540818
8477430
3118201
8163723
2773604
2548503
7074296
4562234
7015646
8978600
2079196
8681369
5988679
1422852
2110915
7728770
7209544
4585159
3965731
2140005
1681198
3429683
4183435
1775757
4565556
7955383
9624694
1592185
6977569
3139107
1684883
5785979
3663768
4725690
2187892
8248222
2314874
4839752
7448632
9138424
3632019
7937916
1768551
4073847
2423717
8443514
4396750
5019371
9211704
3440609
5545327
6795460
7708005
9470724
8773777
4427107
4307774
4795695
2448126
8096807
4352091
8543641
2502504
4549773
5555165
8374630
5827828
3505385
3197871
7628442
3411760
6576766
7725121
5345489
7809994
9990814
2762466
8601008
5091126
8836084
6522147
4930463
5376700
3532770
4124311
4820973
8569587
3268011
9112169
7403489
9010893
5210156
1124170
3492437
2697722
2657856
4670994
9806873
7650350
6853364
7993456
3557478
6162825
7979570
7234932
8545694
9940206
2113191
3939524
3808994
6244856
9732756
9824825
1512882
5473468
9569741
6776785
4591635
3676808
6424709
9433081
6621934
7315321
6505953
2651726
5856429
5039552
1121366
3170272
5283105
6581577
9636847
8114346
8593381
4250918
4953803
6957755
7785185
1199770
8362416
4895402
9398862
5979024
6160598
3896059
2101997
7726717
3903593
3263671
5951053
9805949
9451372
3815560
2633551
6168674
3813285
1822479
1932938
2462971
9377709
2786942
9149969
3823606
3025049
7219324
1046529
2311726
9640950
8098759
8015944
3100777
4484157
1647484
8804841
9542521
8710103
7406866
9507003
4046889
3941824
1373096
5531528
9051163
5271033
8001049
2103257
5268120
8423889
9633760
6958373
4938652
4882192
6248097
4468530
7853632
9818186
3073219
3998095
6415920
7499219
6151227
5970858
9058968
9885651
5765761
9481431
5687436
3300675
6083039
9982480
9982320
5577628
6874506
2699303
1131181
2595193
2306135
7864118
4986396
3700821
8579435
4509127
5072935
1176552
8529308
3950096
3168569
5189152
9974631
8675251
6821517
6805890
6063024
8839163
7284449
6426053
2669223
6329903
3331408
6499730
5978156
9069785
7171313
9162696
8003117
3135421
6335035
1317378
4469752
2592533
3582797
5105214
6500579
1771909
8513886
9057058
7413674
6862781
7142649
9826185
3900757
2750854
1397841
2743480
2552877
2587949
5379890
8045531
7273913
1816177
7875137
9170513
7789185
9839357
1748181
3031862
2047907
9712625
7493751
3990238
7036072
3066609
8400360
9344408
3738322
7699898
7157152
7699021
8658661
4741139
1134427
5989142
3350216
1543865
1383248
2999076
6364833
7975980
9271035
7835092
5512285
9305032
3122808
9360244
6141014
8746335
5125970
8139394
2138164
3316460
3959074
4366224
4612856
3940517
5343362
6412837
5545035
4179741
4292828
4599184
1768185
2226901
3567229
3501293
1683323
7955024
5816914
5785041
6458435
3326471
5858074
7003104
4837927
4253700
8863942
6267087
9309357
7980863
8039690
8289471
6901268
2606019
4169048
1627564
5506152
9433003
7994548
5079811
1387481
3492385
5261270
6315848
1880246
6019230
6118014
9271690
6038883
7476426
4854851
6738138
8179751
5614286
6154311
8592400
6314325
2772586
3478966
3842750
5180412
1762125
8526632
8900317
8788958
4185122
5644790
1996320
8526597
9357320
1122754
2842237
5944438
6830227
9320644
4405046
5785014
2607083
7838342
7013363
7430358
9090409
3423925
8358747
5697802
6469702
5359622
3839017
5561731
1425756
4686794
3494597
6320698
1104448
2103760
1198994
5411765
9013570
4547411
1595933
9753338
7250561
1305404
6090504
6317433
5357166
7494874
4727163
6129402
9170595
8435762
6094794
7054367
4555772
8949235
7027148
8309893
5382040
3359666
8066694
8749206
8938910
5168491
7508273
1327905
6774231
9540133
5360168
4355235
8956822
7705316
7539080
7958363
8792007
9611780
4423888
4819720
7503265
7403875
3026056
8926994
5269198
5797147
6707673
1227711
2039648
8644395
7947700
4927329
3239831
1177415
9135189
5610582
1963287
2283572
6594510
4349778
1184113
4048902
3569293
8864150
1788461
3285271
9439310
8665231
7442187
1132488
2714800
8187929
8871086
6596337
2085941
7678407
7732355
5299447
4363981
9086545
5551633
2038219
4974980
8207227
1858175
8599516
5506323
9696473
9041358
8185433
8846345
3087534
6349840
2643673
4454853
6012065
3716596
5452719
7261636
9845425
8539032
7592964
8039809
3181061
6884224
7019916
6466824
8180220
4699839
4991140
3248824
5365900
3918977
8661486
6072320
6085072
1338661
5788959
4203540
1902463
5265073
7579984
1940682
7229920
5786323
1664513
9022812
2850897
7802304
2036821
3712074
6242758
6659646
4334251
5823675
3989273
3378003
6088271
7222338
8119077
3278177
2230888
6283871
7058963
2159864
7339372
9689527
5625094
2685444
5855858
7264498
3086503
8811705
4726695
4491241
2312932
4500043
6490333
3684633
3393044
6103503
6218641
1787342
6735902
7843057
1423985
2165566
6073856
4640573
6348546
6219989
7748506
9794265
2652132
4460402
7570790
7826788
9975430
7684256
9184587
4178978
9948830
3868763
8503423
2726173
4326392
8486435
4909682
2457388
6038725
6457897
4456205
4322695
4730941
1768574
9993605
2013308
6393547
7532408
7329797
3307010
4816727
9508772
7920332
5832381
2890730
1075015
3877052
8796733
8630199
1559307
3430947
6875812
1743463
9259663
2334171
2575616
5228768
2519357
9513706
7425725
1343697
2973955
1724255
7687858
8677298
6109071
1217224
7682176
3199885
2027419
5301863
5679406
1325468
9381461
9009442
8855451
2041553
7067331
1104089
7281846
5566006
9919373
1623091
2824986
3299328
8782808
9009826
5369245
9890476
1581871
3953218
1038792
7767487
2800262
5759580
7800134
8061974
4762659
8970008
1087781
2270923
4783377
8250279
4059192
9147740
5810319
5727471
5153126
1359661
9134161
6631409
4362261
7965885
2431824
7083684
1538668
3486824
1961968
7195828
7574463
1171229
5622158
6446934
1319789
2923007
8739681
7890360
1071240
2951551
4890965
8626237
2099061
8699267
9654653
5709084
3306698
8633241
7734984
6208475
1477486
4167874
3068689
4482618
9202394
1549544
1329471
9324293
4172946
8391721
6172930
9843613
8764664
9829712
1792068
6919502
1271235
5816444
1767190
9867271
1503389
6205742
4149827
2500433
7653923
5920322
2000283
4054860
4832412
8582270
3914858
2884646
2592232
7742233
9809741
4552324
4913800
8359414
3353435
7204291
1633004
5270245
6898967
2730061
3623421
1003408
1822469
6341110
2824448
5110586
3001459
9681457
8083995
8685671
9150060
4984903
1311531
6351982
6865660
5146886
2394499
1665087
6215271
2527990
1278762
8373883
3635216
4964757
9957862
4582867
8568615
2202011
2741307
3179370
8079829
2609393
7890001
9368857
1552442
6087195
8090684
7839491
4841052
9003087
4370707
3297451
7442248
3253847
4597089
3101520
2285065
3039856
5652602
9603364
4439112
2521748
5935965
8091605
8806516
3198913
3927802
4006258
8232160
3871128
8609820
5318774
4232560
9933971
1449308
7293607
2495305
5749235
5080244
6654545
5941362
1451488
8004414
1573385
9993008
8754004
7766357
9618089
3719354
2315663
6845500
1288253
7182215
9797173
1681888
1946660
3475083
5094151
7161398
1567040
6516413
4455882
9090541
7130981
7134347
1966194
9102796
2444443
3540119
5067030
1316897
3610212
4061852
7030882
3730413
8564874
1464852
4538120
2806230
6896608
5332512
8831353
5666390
7724682
1955902
9424368
8150737
1460000
4174506
8290347
6591512
8186329
4103606
6895047
7552562
8038932
7154181
1061418
1914412
8967620
8837207
2056497
7421495
3051863
8764174
4763249
4026968
2516523
8842271
7844374
1411383
3826324
5607427
3713882
8641652
9198247
5331787
9461373
2851960
9800927
9535410
1464629
8675841
9551257
2936101
1977784
7112969
5868630
3712373
2675467
6456268
2496490
3623880
2321606
9414066
8296605
4448427
3335588
7250723
4830976
1982288
2013165
9908919
4612450
6722683
3205812
4055546
4389009
2649174
8844747
4838294
9961460
5570173
1258011
5015617
5648482
5002780
1011283
4426913
6798236
1268575
6205222
5750505
8217093
6120183
5217834
8623970
2292562
9873418
5381607
7794095
9709830
5582729
8721104
7284328
8046225
3352299
7898078
6829150
3704459
4082800
8281984
8783086
3189276
5351203
4027497
9577308
6782710
9318752
2060853
8279931
4974559
5051394
7499668
8250409
7172865
2185151
9895033
3294910
2740822
5705036
5324680
3805644
5680519
9229308
4738504
8387805
7094984
5234059
3872875
1816961
8157737
9004952
2775606
5235517
6537625
4118511
7133805
6809928
4437077
5058792
2690468
8969993
4102126
1098200
7157109
1581196
4955578
1365261
4782544
2999043
4412187
7712517
1833825
8513927
2043892
4448509
7443391
4881762
5587489
9346121
3416758
1526686
3684643
5937816
4657864
4606006
5456069
5422889
4309370
1692558
4547604
2712518
3942665
2882474
1882454
6432776
4406262
3781204
9910506
9101708
9083787
7905952
1433969
5937708
4547001
4308123
6756140
2800940
7582064
3614054
5148741
4238333
5938406
8320892
7503607
3692295
6201878
9148770
5706410
8322552
8158382
8866778
5686867
7194100
9096736
1330057
6691032
2614497
2729246
7679788
2146591
8143389
1282242
6284911
1921208
4720306
3337488
6364643
4722186
8738654
8556345
6328068
5284302
4939425
7557536
5333620
7790498
6692907
8188874
9915677
5192397
4912181
3612126
8660937
8272828
5233030
6797541
9070302
2629520
8210789
2159597
1139342
7389454
3191722
6207333
8791276
3730186
1702820
1004611
5563641
5276278
4293818
8947848
6746513
2285723
9037469
7326537
8301585
5108697
3978446
3243147
4337956
1468519
7609166
8707811
6706915
6339327
1316936
3204834
3373054
5453256
5266108
3056119
3473180
7781615
2403916
9864228
8417828
9772505
9185560
9192088
7909232
1548789
4838012
1838169
8082616
9370720
2548795
9630929
3495440
9140855
6580929
8609452
2416505
8577956
1163592
8430133
5581584
4275497
2598630
6775383
5009110
8071145
3581880
3706382
2790411
3614354
1459568
4678706
4543659
6688426
4239735
3612146
8257724
8524973
7973573
6605378
5818175
7642714
9350614
1848944
5888474
8272851
4306971
4168807
6484706
7318884
4264975
3881237
9581857
7846546
6692862
4648332
6185176
3880618
3014231
7454203
2039728
6377961
9986672
1356419
9977104
5120687
5885887
3166329
9794604
5980432
9160016
1546057
6635657
1368480
6028506
8135910
5320970
1057238
7127592
9711451
6795877
4103074
4108848
1598505
9747331
7479590
3282111
2788937
2882658
3802444
7530006
1967292
8804924
7827845
5334151
1621624
8035899
1853898
2010523
7566284
9430969
6904001
8797921
5486435
4517311
1421602
7554922
3452499
9079551
4370233
2193858
3971538
2576865
4161534
4114228
4269548
5147790
9902070
1992421
5280899
3457604
3513337
8470762
1359198
5167234
9765739
1839821
2062465
8842854
4640498
3638275
3260523
9777631
9441497
7308286
6187484
5541154
3854506
8233604
3504481
2582429
3025033
5290564
2220404
2851755
8655467
8761119
4720421
3094456
9531955
2266766
6042051
2424370
9421186
2875631
4915460
8900695
5701776
8586867
6467666
6305231
9526667
4319810
2125313
2489218
3645967
6668066
9387755
8517551
8720621
4429546
8165514
2612493
2109509
6344068
7083447
1889329
1818038
8639949
5776075
7611996
1334913
3248136
9511520
1601622
3383638
4484193
3554659
9219620
2244031
9420864
7343129
4039491
5091713
6591334
7639161
7336160
1062805
2517105
6791317
8514552
7206140
1941520
1416553
4125200
8274228
9239553
9046242
5521116
1887889
1809743
6006045
6442275
8893542
6058062
2962521
3369953
4913672
1794373
2497541
2319410
3516494
8458322
2605598
5632630
8929654
7768550
2616257
6261818
5101690
6115280
1976625
3867937
3506573
3115577
9827534
5242871
7033732
6023849
7494760
5525220
6239620
2118929
8500470
4395329
4728375
3419577
6109727
9936375
7776490
9377992
4810494
2431759
4661365
1259952
7373881
3497057
1201805
6827905
9646717
5588401
1028690
4704408
6523298
8220205
3136028
6146720
1859939
8900260
5389474
2489400
1708296
8351914
3359163
7219607
9919912
5114809
9088874
9119031
4099672
7802972
2870397
2106768
1603063
9474149
2078676
4016867
9404377
1643880
2527256
8009808
3362999
6669990
6350449
3540677
8077370
4135779
9144358
1076686
2290179
2942508
5946342
1305770
8842021
4199596
6108124
3724794
6511979
5702128
8792910
5117199
4562590
4436773
5671619
4129124
6866992
8490997
5746910
3569795
4403117
9763200
9910602
1013205
3883087
8129401
9984042
5654687
9253599
2964002
7810315
1693858
9291768
4014331
7113266
8019236
8431622
5742982
7530167
2087964
1546478
7527484
1680088
4888867
3515096
6558810
7960774
1255706
4925713
4926196
4227192
3165937
1890443
6343624
7111201
5186368
9567999
9818795
1037150
6464448
3073241
1424031
1015108
9608438
2569584
1992991
5598902
6718760
3804981
7118801
8318576
7545212
3207527
6218863
7067288
8908852
2283550
5913419
7088752
3445372
5429280
9587640
6578647
8478030
2101012
4338969
4274022
6352332
6605330
2012639
8324349
6044328
1831775
1424755
3826920
2237697
4531178
1709760
9811575
8267515
5085353
6235083
6564657
8972688
9303390
8859100
5625202
6891825
1502882
5151738
4327093
9130229
7851105
4485691
3653958
3340699
5580376
5845683
8263399
4649742
2956876
6410438
2363419
5753470
5942613
1009982
1338079
1771815
3662394
3898087
5402745
5879945
8831297
7326632
3441089
5946191
2238940
4530436
7909474
1396056
3904426
7911569
3264300
1104047
5965100
1370042
1453306
7420824
6362694
3355301
2518246
6177986
1600644
4369557
4214187
3541401
1907008
6666257
3794445
4999149
6474477
2894581
3089094
2617272
2154743
7021518
7802130
3093734
6164280
6095479
3918935
9819713
3572622
9763580
9511581
5230506
8174183
9511614
9449060
4150786
9631434
7229967
2680501
1812702
1983866
3832068
5053066
9483916
2091784
3040358
2604616
8477866
4212094
7244361
8999077
4278949
4846519
8153684
7692221
2402810
3433693
7962655
1444978
5399721
9019283
4163607
4293053
7891768
7306380
8909165
9524893
3462647
7644429
6455247
6344919
6412522
2225196
7578392
4208526
3517133
6632008
7563988
2226110
8268697
5092713
4885998
9961160
7885606
5074206
7044875
2958032
6645035
7902316
2115383
7746900
7273687
5446165
5941953
2036044
5756988
4510865
9481852
8867643
3682821
1844772
2191402
8807052
1561363
8844695
9300233
6791052
6286457
2661471
2775324
6826465
1240552
4985293
9672690
3600130
1057187
6127690
9381572
6226243
5429269
9721721
8675970
7815601
4044521
1755323
3894632
8448486
7525358
9896410
8881414
2158173
3476802
1385990
8199354
1230110
3531397
6097080
4748407
4415954
3636869
3029510
1498424
1426164
1778751
3962897
9919916
9186727
6926342
9091253
1585736
8522715
4783708
3213430
6577929
1868372
2828526
1744786
8552247
5145990
7973935
5976735
4051037
7439962
7781835
3326490
5243096
5850548
5077869
9739633
1110963
3763957
2155063
8131946
7005925
2356257
2597528
8131680
7782045
1416381
6700784
8109428
8244407
4105277
9193249
8528748
9343403
5721511
7713491
6839355
6011439
1830734
7553829
3489158
8951727
6618274
1562075
1997063
5888553
5862139
7820363
3894230
6845150
3168509
4908990
7716945
1079679
1467394
1556421
6818140
8041471
1332484
5148026
9773920
9804475
6739471
2034073
2074798
2885308
2900716
1534298
3244073
8029980
2533882
2924801
8199366
7783918
6603551
6153035
4861738
8715098
5631994
3986972
4337408
6325427
8945427
1409705
6614650
2912089
6319742
7767483
9384089
4556431
1017931
2058891
5145838
5882247
6248179
6189771
9365505
3146085
1241681
3197793
5286830
5536816
8460026
5231484
9773537
6815144
6157301
7986190
8325084
7817064
5040517
6573751
6157975
3044161
6579220
2803484
5821123
3157357
7390407
8762669
6175988
1875861
8109601
6466535
4916054
7699581
4831161
9845134
9729259
7024713
5046196
4522898
9168412
7418405
7514152
7887523
2388663
4784005
8999881
3320799
9246426
7319850
4240801
4370864
9348956
2161570
5982363
9722694
9536562
4843138
1910240
9249224
2017267
8019680
7241151
1098805
8211672
7344146
9687982
8661183
9285773
4893641
2622053
8743800
8634428
1475975
8330395
3154594
9879746
8621441
5183458
4476990
7969612
5825572
2678801
5079867
6178283
6504993
7707426
1577872
5610246
3453630
8642589
7749507
3332566
7927297
4555776
9106804
2565966
5056296
6525560
7006229
2174068
6356332
7908829
2553168
8406404
1783865
9690448
5076878
5043400
6890280
4563732
6277426
5970839
6037542
9389366
2492647
2256088
9151282
4568739
9184131
5097413
6795994
5380417
2275671
7640050
9351149
2735715
4826836
6625231
2885957
8081204
2307678
6039382
7487442
3327372
1669210
1571969
6902663
3210873
8273222
6134603
9418327
5909010
9550788
2353504
1247211
1502552
7224110
2480091
6039355
3795558
4328194
2227692
8047482
9739871
2943342
9303728
6758340
4395025
3626432
9496704
1943580
8639794
8782866
6491948
9367797
2426911
4169216
1964174
6115256
9329557
2635636
2880892
6498775
8224552
3676003
6388238
1858380
8495960
7348246
7244898
9009557
6235316
3096282
8172219
9721626
3934110
5686723
9441279
2656800
6668162
2340507
4492150
6666032
8942054
5862817
8284821
3635268
7130035
1529275
2292545
4129005
6834937
1951235
8184464
5242565
6183690
7140499
2809308
7284351
5626557
7806456
8390322
8797968
5731063
5920998
3210285
6249197
3738400
5372835
6173519
1905236
4611245
4807774
8467982
6455173
7195465
4356799
4695957
7249804
5508260
6967892
1981022
3200664
4951955
6855182
7243824
4250883
1080672
2595222
5906831
8787913
1176765
6787492
6562726
2824526
8383492
8120923
8531335
1500357
9607070
1585039
3557345
9499181
2281643
8913742
9173721
5324613
1369247
5358705
2880315
7248934
1246552
7944718
5633367
7493553
9495336
2273305
1538472
6638998
6123947
9399252
8756643
3775330
6521911
5579317
2283308
7094901
9991975
9171793
8049090
9536033
2889680
1109382
1798161
4977481
7466511
1610065
9240767
7336313
1924279
4361392
6274061
7510302
6794886
8176103
1003598
8616218
5928539
7220886
3908406
5796781
4768656
9085157
6797510
5114307
6460835
1488119
5943843
3539547
4354032
9577713
5794448
6073225
4385665
6417666
5943792
1824192
3455305
5303419
4961250
4613005
2551588
5061664
1857287
1925594
4220869
3357749
3001561
3040327
1850360
2105537
2220025
4677219
7445636
4402643
6783021
8920234
5928158
1937780
9265125
7010792
8823528
2852642
7779993
5082557
1100648
2364703
6386620
6865047
6127568
1750800
9563405
6135957
2382970
1056032
7496798
9531599
7036576
4828769
5548498
1720211
2535540
5893523
9369771
1692441
2589267
5721346
7292373
9362528
2230668
7303817
2678603
4428273
5392339
7571548
2035552
1909661
1355548
7953962
4417884
4688169
7341006
4693987
5655609
9065641
5164694
5780722
6356239
9839888
2990608
9249716
1170826
4560643
6164647
6892765
2969077
8495359
5619192
7509212
4624879
1946114
3787923
5611617
6999164
4823807
2804672
6400295
5809054
3121880
7135431
7702176
5743634
9986175
3507432
2461749
3628789
8707096
9535279
2702827
8403394
7039140
9646783
5957202
5947708
3680550
1224751
3015017
4688474
5079744
1662569
2292068
3006100
3521678
2938563
4520505
1012394
6459910
8839465
3407885
2042143
8689463
5994566
2925739
4385436
9613795
1594137
8623122
2753806
4086899
4128728
7959411
1887453
1128517
6908764
4350862
6353080
3910465
6051537
6696222
5019718
5267964
9987853
1912998
2763982
2505144
4338203
3286166
1808024
8854124
7903813
9215864
4433389
6972957
6733583
6228189
6005254
1470580
9383216
7999862
5052161
2024844
1082006
6483210
8319820
4773239
5552002
7152249
6296394
1511500
5728804
4178992
4814349
1408650
4940395
3123414
9574331
1312609
8893251
7369180
9077920
7352802
9711707
2178506
2716921
1957966
9260911
5290396
8902286
9467919
5599789
3954821
1693887
5084188
2625129
9481361
8558485
5192999
4197336
8471277
1316556
7910065
6659300
1008918
3410116
5058043
1531077
5041391
5855466
4865545
9073719
8561701
6539759
1772900
6441928
9951435
1778631
4613640
8411062
1760032
8521722
2767596
9941305
9646408
5217620
1671288
2979591
3460523
3058163
7527323
3042335
3408501
6898514
2735963
7868608
8572883
1754455
8592847
2043802
1038383
4494198
7258491
8640427
2283936
5056890
4073683
6513409
8325919
5770422
8204553
8029645
7787307
5027947
2637516
6800093
3703712
9322242
3474512
2206654
9168711
3225741
6598674
1495512
3036823
6790940
1006674
7032752
6422559
8428609
1145743
6938207
3473298
9616246
6222985
1896578
5482232
3601564
6448946
7916749
1455803
3853522
3578799
3157478
4407520
1493099
4059443
9010382
7334593
2808274
4060093
9176966
8192402
5964949
7635084
8954500
8892195
9910578
2424283
5934732
4874652
5613682
5478208
5798337
6382614
3488932
9445071
2938416
9984858
3463117
8679925
3682190
3627828
4475092
6007206
6405354
7020087
6343673
7870546
4398003
9566215
3728863
2418970
4405123
3625093
1942805
1718615
2712140
5133935
6911369
5224758
4761254
5664607
4902226
1273172
1567572
6714805
8592863
9583051
6689981
1769306
3972503
2897937
7574742
5990016
4635390
8835729
7378435
9729382
4864723
4726557
2702543
7542076
3343910
6980638
8375008
6965161
9739241
9136703
4687969
3396178
4326376
9360760
3192793
5935440
5786410
7207728
7982047
2933961
4747529
3852558
9786527
3994016
6533718
1102101
6585502
4479840
3869918
1125769
4717962
3066549
9783066
4098206
5309300
9883613
5523081
5749395
6810858
6853404
2751531
6642804
8576021
3251415
7767465
2540409
1724937
1158548
5281713
4329625
4638893
9390704
3043587
2392388
8457717
3725496
8712961
4012439
5679059
7162374
4855120
8184751
4853829
5163861
1728923
8358714
9655716
4855280
4571594
1590653
3681425
7400305
1826555
2093769
7499882
6202164
1926042
3152797
6964409
2341241
3430451
7281831
8955207
3705800
5290770
6510260
7581136
1315884
9052388
8176046
5477791
5895205
2678525
8465715
8705465
9332727
7865356
2261313
9687963
9029316
3743598
1470330
5361116
8952943
6242153
1547483
4416216
7985163
8708798
8309369
4530772
1386267
9554196
3783290
9186820
4561386
1712892
4589150
1112281
1230156
7037958
1851947
6461572
1636875
2665731
8559364
5321191
6789104
6251174
3228075
5522518
5494520
7751177
3556567
3717370
2163962
7916993
7553203
1157340
1967703
2998702
2093842
5299852
8437719
3545274
2472048
2217470
9312750
4162780
1862493
8752324
5607949
4482057
2836648
6707643
7813810
6318783
8077465
4694890
5012736
5685944
2773524
4826490
2388280
8538658
3498160
4125110
4820890
7681159
9273378
9396156
1077607
6616896
6558488
1708344
1986439
3169023
2521580
1394356
3105714
1232274
5811702
4622173
3247167
3827433
3529619
6139848
7670295
7541624
3831837
9646431
2160187
7763791
3136156
6376274
6348283
6791569
7344172
2348396
7791749
4010867
4202627
6160807
4490601
5441539
4632029
8359796
5758269
5069602
6709097
3466087
1687888
3728651
4508969
5630517
6825358
1672695
8294610
4189340
9706605
7250236
8991084
8102773
8994901
3276192
2533202
2338996
9834170
9422117
9964861
2210469
5092506
4911294
1716412
8881612
5019815
2706478
6205787
2511543
9283793
9048194
6807731
3438674
4653163
5791477
8013840
8244958
3486396
7098958
6726649
3326879
3171844
1163264
6710119
8173315
1595254
2444178
2609234
9488549
2126539
7919930
9273822
8860700
9977605
2090356
7198960
2001850
4571743
6916403
5910847
7054874
3607531
6945362
3378504
5387291
2046479
4743722
6872060
6465706
7940131
4228981
8978854
7699327
5478671
5247940
6037272
8265368
7876309
1057973
4552197
5911162
3104650
3042385
4582557
2486973
9045826
9739028
6079502
1401105
3165984
1632647
9248381
8160047
6545076
1598922
4273221
6398292
2490110
6839854
8100565
7276636
6656069
2020582
8864894
9820564
6992247
2618216
5203926
9098863
5040545
4115387
6582443
1746783
1560901
6728997
8587544
9396403
4904941
8438304
5667934
6041084
2649932
2886282
2488254
4780563
9197654
4999380
7882235
2220494
8153602
2631457
8986335
6273413
3819522
2522524
1477410
2918296
9339269
3809358
1972691
3959305
7383744
1562605
9588098
4019696
5579121
3497696
9878893
7983173
6641882
3307188
4093246
5111203
7504812
1758217
6740338
7378773
4618917
9856523
5859295
6436713
2614349
3772299
7438367
8896619
8540395
1159107
3033909
3956149
8910072
6012896
8769466
3391697
5329865
6810737
4275043
3597319
8896676
3277914
1815115
7222014
2368957
6798104
2181483
7783323
6674791
2989970
7503274
9729957
8087931
6133000
7390290
4377722
1280182
7878457
7685974
7007234
3340579
9820061
8592037
1687398
4320745
4380158
8775850
1816680
5999264
6952382
3328452
5422147
3912461
7204362
1747983
5410857
2291781
6628652
7546206
9159660
4291051
3922530
8560120
6938611
2187877
4203690
3798674
2182122
2134207
2812786
2841694
6945664
1391585
2667048
8478358
8405400
7247499
1735643
4948257
7604231
5205167
4940629
8465434
4489762
7802946
4214750
9043277
6970115
7595553
3540347
2323439
7106826
4090737
6910685
1347022
5598587
9738838
6171263
3301326
8256960
4947364
8040228
2880160
8919709
7683113
8338905
2454424
8934693
7790123
2246795
2205069
1431462
1844606
7728986
2810174
8387319
9128692
5635178
6860230
2762464
5173952
6510335
8517696
8463182
4546323
8471974
9725294
1931133
4001960
8679089
2213947
3765037
7447838
1009755
5352574
1025751
5314246
4007134
7958728
7417165
7718703
4995339
9935815
7657937
4887635
7961998
9421524
1193492
5290381
4565274
8191723
5984238
3922006
5585534
8365939
2221755
4101668
9178746
1599212
4497489
3596487
9710379
5770589
3522440
1822746
3289663
6329055
6657412
4282494
5734953
2618418
9130974
2090012
2269397
2486630
1752125
1243180
8217198
4030527
5323601
6744685
1905488
8059744
7294799
6551800
6901170
8095569
1974396
8556651
2874953
3855472
3355282
8946756
8593658
5461947
5035314
5221929
2095411
8598526
2467612
1491759
3113934
7468234
1563466
4423638
9434077
8462914
2468520
2593248
1948964
1146606
2492394
6828279
1341475
9055195
8192030
9668339
8026342
2104140
7474156
4980093
5638717
6548669
9230369
4622383
2351403
6606419
8198470
4591648
3164823
1209286
8068658
4141651
6904086
2185884
2133126
3754580
5498465
1705646
8981919
8676771
1557056
8818611
3733273
6740038
8431580
3470557
3085215
3873573
5859680
6765386
9830744
7668523
5343231
6629570
1693099
6153136
3069810
2429604
6568361
3282677
8686865
2861740
5296836
5942909
3949624
1848855
1150128
6890854
3468763
2853767
1993641
1309120
8035185
1053971
7080100
9171287
7612599
5252250
5212425
8233009
5722910
7922000
1593482
7923584
7549284
1835822
9914071
2261405
4609803
7266638
5311387
8970154
6184306
5268141
5683060
3034233
3764013
6611374
7692917
3997844
7182793
5711363
3112828
9363138
4400550
4017075
8701086
6740502
3678930
5516140
4178403
1852815
4139974
1736287
1345584
5865548
5818022
1665525
5685661
3509632
9914151
9016737
4360735
3738960
8849212
8526866
1360550
2747493
1490024
9088118
4535352
2484817
5034902
3146915
1960977
7078097
8615064
2481934
9444829
1355511
5910386
2551200
9416905
1577207
8188040
8295918
4759379
6187168
8996533
8717153
2440614
9717142
3678814
6739888
2679411
8416899
2922918
7548361
4898826
7001722
5803244
4108062
7290831
1486060
4771929
1211844
5348233
7754588
2887347
7587892
7823633
6896189
6499465
7790454
2955207
2505593
3681251
3679872
9086042
8914111
5179483
6361898
4181044
9617957
9582523
1997251
2460711
7572140
2314023
9217257
6830235
1012385
6592409
8633767
2791510
7712152
2372381
1951625
2303308
3187425
7585972
5112015
4636583
8768452
3344519
4907866
3568915
5733539
1393896
4533857
8311345
4500859
7156038
6579832
8456834
5736808
4285008
9136952
1791082
4253093
9995526
8792280
7364284
4146609
5311127
3079526
8288164
2928290
3455906
5323087
3123958
7399665
2167428
6110796
2736783
6613231
1590768
3000873
3882860
9203750
4220745
5163158
7357157
6009319
9391160
7017948
8919901
8657859
8154774
3800287
5633068
9975724
1060723
8212151
3322144
2459721
7281158
2314850
2922559
4890837
5720275
3411783
3131883
9024211
9673817
7515619
1470154
9111706
9795588
4248167
8926933
4934738
7806189
3657658
5539651
3389279
1915302
5340453
7124118
7219871
2688581
3191554
4416767
6210468
9011113
8933149
3170717
7223999
4163430
2050121
1167070
8756175
1729975
1319898
8599556
6267914
7797832
5144777
2254897
2252378
7855463
4854655
3833170
6325641
8365077
2297707
3086880
4883206
3524995
7253051
4479383
7678838
7648410
4916819
4291028
4942279
9609875
6527931
8391718
7622236
5174219
1906415
6083687
8209874
3580385
4524885
7188248
7278636
3418584
6163483
1551231
6532657
5883724
7615110
5966281
1660573
9277483
2467979
2747269
1210241
9942110
7825003
8397522
9523277
2321897
5814743
8221060
2173053
1552516
7128271
7134329
5892806
3718615
5547280
4424482
3304993
9522322
7725065
4781605
3568774
1960033
3364936
9629369
3324645
8293274
1127603
8287247
7853357
4327569
8686212
2860403
7674746
9481186
8011981
3229921
4583924
5726977
2547586
9104951
4840959
5425922
1036677
7917396
1067833
8154887
8772441
9357730
2584642
7359159
2094776
4427917
5808687
9975681
1624515
5727780
7517724
1627036
2991282
8226090
2389273
4820788
5849453
8635336
3124320
1708984
6897216
7723883
2823959
6188648
5712794
4954853
7534630
4789323
7273171
1370041
7908105
2178822
4049699
1786910
7795488
4578705
4152722
5314113
1879751
4033708
8167321
7718804
5946356
8064220
9307146
9736304
4893380
9432106
5952101
8015217
4740728
1410807
7931703
7302465
6502522
1856385
8233084
7242865
4773221
8656260
3405850
5647888
6890053
9889954
8859014
3663310
6319556
4616518
7855262
6846142
9783229
3005722
7862167
4289266
7977308
6537755
2959286
6748417
8215863
2121162
9446019
6836923
4908766
2316505
9543281
5617014
4342262
2285444
8929444
4745620
7688818
8007768
4974769
7222768
7242332
3982088
3952479
6380350
9202993
6743110
6076118
2018381
8030994
3981522
1673641
3388359
9061451
2662436
3542694
7614383
4341751
5647757
7193024
7816455
8944715
5587424
1257198
3182204
6338998
7321301
4292194
8998453
5272464
2176483
8444437
8390102
1316869
9463912
1518337
9792759
4717687
6787934
4309663
3657713
9454691
9622609
1004376
2797415
8731392
1361180
2785228
5186577
9947360
2026107
7038770
9762767
2361364
5799164
4256450
4308002
9742104
2679792
4723080
4956965
4763718
6478090
5228013
6948999
9311040
3961065
9286056
1950687
6828745
1169902
9671070
9399001
4671183
2386141
2488984
4127348
1199208
5576106
8965325
9754519
1604870
7819650
4794121
3235110
1458158
7675674
8931872
8793931
9159849
7462733
9782716
2764321
5854457
6465347
7941951
5182935
5001906
3362046
3956095
1342800
3488420
7858260
5278178
3632710
5363654
1289783
8267227
7903426
4153907
8002514
3351139
3029179
4990841
4770400
6108032
9934119
1070075
5538889
1455443
3144379
9265291
4696253
2823503
9340729
3838234
7380560
8488988
1572792
1349513
6059805
9375036
8019500
2999844
7498704
5719490
9306056
5809502
6476857
9012396
5791955
7034742
3232123
4773969
4270709
1886786
4815843
7066025
7272808
8333140
1572481
4147035
5391722
5803215
1478441
1775498
1887134
4698306
5455369
5656824
8359198
3451933
5819807
5770735
8538683
5281082
5617272
7867156
3312337
9321604
3355015
6732029
5418319
6288139
7642953
8281814
6768745
2306776
6974612
1194357
3863578
2404757
9939528
4120938
9848558
6286492
3417617
8286538
9297132
8133108
4998815
4248862
7165482
9223345
2651318
5589584
4937658
2436647
3169533
7551496
2485544
8766094
1432994
6128677
5159550
3613147
2451434
5669174
8600872
3801008
9772174
1653173
8623054
5201767
5544703
4886299
6420354
6479855
2045063
9075388
1926715
1679970
6103948
9088494
8339349
3152652
7611885
3445439
8532938
5547597
7235687
6199875
8018289
6327531
7869633
5290862
1974410
8678935
4874147
4775251
8883586
9895509
2896377
4653906
1672770
9917736
5257528
5703769
2250740
5576661
2910794
9821541
7351737
7973375
1301457
6271611
6186251
6187824
5869483
6241423
5904275
3722369
1142701
2751350
9165690
2776618
3182391
9991148
7516111
9812719
7021833
3901089
2746608
8414411
1969354
6454449
8015988
1714777
1050134
6320365
4290462
9518991
5645224
1975698
8651030
5489868
2891900
1843802
8731026
6899539
4785184
3516291
3311639
8994052
7369542
9015506
4488912
9166245
2837818
1900446
3110326
2571079
6542129
5690815
7773649
1964266
4586665
1516691
3073061
6220079
5564972
8222299
1134526
8056441
7395600
3523940
7019762
5526296
6004511
6725667
1963140
2661502
4033349
5727479
5270709
2461585
4436334
2976425
3646444
9702763
5066137
6320138
1904924
9805778
9698269
2493782
8850935
6367130
5184145
7286087
3813324
4893835
6666353
6585049
8811346
5096888
7415511
4197193
3121153
2585447
7057213
4956118
5300544
2239145
3905153
7024347
3579384
2389251
4902647
9362522
4187500
7468505
5680919
9743545
6676053
9291394
5893744
2657810
2821487
3095850
8357326
4994440
8274446
1964011
1479187
1424550
7172071
8166198
6072337
8652850
8336541
4022919
2487324
8906692
1516984
5226793
4098408
6777507
9436897
2001706
2448922
4760256
6825721
1432659
6194891
8032137
1444842
4069965
6066571
5264296
2813623
9332933
5812652
3049624
7394831
4507327
2980932
7265408
4099566
7065423
8268398
4247636
6601441
5856221
2495119
8797636
9274146
7823735
4842351
6110107
5961309
7873197
5347122
7485249
9838066
7631065
8440171
9863439
5995868
5944091
9260382
8965918
7182800
1694962
2884917
7657318
1566435
1831214
5618497
8111796
9656097
4484567
7306768
2886126
1409359
1530872
4310197
9635586
4098369
2934218
6715136
4080267
2331833
7261012
6794235
6033167
7372591
6455515
2371256
7996295
8498224
6489753
1175336
2149954
2111792
8986268
4086085
3953243
2288979
7073306
8188611
8739212
8791977
2123734
5621639
2719062
3143832
7851743
6611425
4219626
5671065
4701899
8817414
1848042
6419129
7253503
7762312
2513276
1606493
1250540
5803400
2778420
9594288
8119257
9162453
5810979
6033373
6376624
9257115
9610705
4532773
4661919
3944465
9876846
6470889
1631599
4249386
3784873
8909040
8748842
8455151
5981522
6331893
5895286
4081608
7760278
2589652
9953828
9677601
9687912
7474289
2046053
4539892
5463804
6750061
8526607
6324902
4196524
7905471
3641922
1575895
3136971
4651825
9194730
5447211
9331409
8067525
2511775
7072356
7365383
4690857
6712027
9003796
3496823
5326440
2304301
4837873
7055917
2132799
1367667
9355275
1662883
5226838
8867455
9707573
9798085
8273400
7944729
2323894
9191020
2908263
9758384
9232731
9445268
8241048
6722580
8032484
4052482
2276036
6321026
7100105
3057907
9401019
5985535
3010299
8615291
8289259
4233884
4834015
3883224
6953278
4716694
3844865
8559761
6105546
5376690
1920657
4286333
3703963
9660519
3577858
4919997
1096646
6865231
2586778
2268338
8816611
2986299
8868306
4480873
3150202
7656527
5579357
7665669
2219571
9772205
2205018
3761562
1492500
7048898
4093249
2923058
4864217
8538788
1704502
9862897
2428293
4158534
5567583
1867987
2230606
4169554
9590783
6090145
4832474
4409496
1151261
3851881
1561581
6657177
2706828
5352254
1812153
4464994
1694652
9903088
4203178
9032633
5730807
7054556
8713008
5601721
2170662
9386808
4727993
9205400
4565534
3052350
1419046
1230840
7439742
4675306
1167412
4171248
6923181
9865120
1327722
1080603
4703452
3156508
4688150
7419807
7246559
5572676
4255791
5062504
9754809
1322135
4533716
2573052
2528057
6582512
5895166
5708204
6034722
8855207
3669158
8393394
7337434
2634587
5771779
7684079
4714781
6310649
2327975
7334266
5229360
6516824
1677744
8762681
4997653
9333428
2119215
8596932
8309598
3786037
7018119
6593990
9260271
7426715
8910862
5864649
5285903
2372085
1381776
3839037
6884116
4453472
3775666
4060153
3160928
7139146
4884753
7794709
2891444
9683538
1601567
9677055
7315971
3798068
3895245
9341192
8206925
6099615
6491296
9519469
8234047
9720282
2597245
2567761
7787286
5965270
4748939
8058371
8563030
1691870
5461695
9996966
6922145
2847124
9757520
9630046
6752094
4552918
4783681
6334026
6492866
2671603
6848774
2793460
4166398
9594342
3047714
8168986
2991013
6602904
7467883
4217244
2034770
9813705
7524441
2801294
5690530
8621892
1748767
4219299
6960961
9878768
9850711
7301814
6392744
9043436
4051833
9417120
3263627
6882780
2355062
5280707
5044277
2321277
5271293
8437949
8694821
1572842
9081965
6776699
7834890
6712390
8357334
6319264
6572321
2790437
2723877
9706056
7205171
3345668
3105166
4988664
9297383
4837664
9402451
9206723
7290599
4497323
2567658
4678664
2485989
1517864
7414244
5836818
3291956
5884242
1590385
3655973
7175746
8812791
8438023
9801338
3440805
2822729
6845743
8313224
5150501
5544860
7310307
4583132
9646035
4737657
7522043
7262295
4638844
8479134
3293827
1162392
4969684
8833772
8512911
3659821
5068349
4580743
5939129
2501226
2425120
5445652
9341443
9519668
4746499
1759607
5362222
4517830
8633140
8584933
8841826
5116912
1911949
5196006
9779611
6765041
3349807
3459819
1393605
7349656
7261437
4072743
3085425
7326274
7825749
5174424
2274491
7810803
3922996
2995538
1394127
7722907
8907796
8406529
9972194
6292238
9704620
2006523
1804000
4367653
8820529
7408775
9839257
3920148
2771254
1523782
7210231
1843984
2296231
3926277
8337506
7481328
7721173
1531942
1451852
7665228
5582510
3493639
6478048
7830974
1115321
2261070
3916441
3135125
1461291
8308413
6310378
5307066
8832269
2420711
5265868
1478231
3350227
9670393
5954807
8212474
7630615
7931464
4899836
6570093
6855277
2718141
2259554
6424004
3620732
6667014
8476671
6795408
5353977
8596838
6817643
8908417
1767009
8744541
4849686
8005923
6883032
1641708
3115677
3326502
6744280
5994773
6332563
1248366
5707783
6152284
1158300
2888098
6269145
2774691
4467616
2987271
3087828
5143595
7485206
2700139
1184430
8579742
6836878
2590596
5196735
4021649
6693667
7865766
3658447
5089869
7587704
1793364
3480109
2522176
8811340
2089507
5153316
7926655
2157885
9212263
5691564
2641254
3629282
7907140
6943764
3934415
5401095
1161674
9782109
4704782
6215776
2970124
9622445
6139051
8271863
8191620
3212039
4770639
7504609
3517127
2720462
2599789
1431735
2148732
3737806
8570151
2217928
3932863
8148303
7866889
4351936
6410598
8016317
9210276
3122928
9412312
3038921
1249884
9133229
4982459
1529818
3888767
3500557
3335776
5775836
2952127
4580093
8055338
7332335
9278071
2997478
7085698
6378831
4956240
6069147
5869560
4900705
5485133
1495758
9982476
5027097
1176253
3002502
6845096
3025272
7782817
2882961
8715854
6579638
9907913
7766498
6411670
5668423
7476798
4130956
5065693
1349322
6663539
4285901
8232051
2176764
4851858
8552611
2409557
4993381
8075800
8384619
3239285
3796236
7413669
7144708
1105528
9170097
9073825
3841612
6140761
5107239
4148813
4275121
8333224
2769535
2532837
7258807
1004833
9700369
1029089
2378235
7884891
7981075
4119817
2837816
7724882
6107643
9628643
7634888
1508151
3489117
6737458
1993631
6169697
3097168
6765762
1857948
1631890
3035415
5028842
3621252
5404803
8072959
8353237
8998364
5297725
7600579
1120861
6139146
2851169
5145528
8900539
7156145
5754750
8888064
5938648
6188699
4198960
9568585
7628694
1854813
7661189
8756487
3143318
4519681
4765943
2597934
5806438
1894744
7624054
4012962
6128119
6583526
7889426
3190230
6711959
1101631
1468770
7563654
3403598
3862890
3644791
6222341
2679013
7402593
4403783
2610850
4052123
8928067
5930141
4092651
9498543
1276744
1260994
8983651
7303195
7625886
9114939
3166928
7824906
9953080
8163815
5523871
4107432
7893771
1089049
8678274
5153702
5828626
8490074
6915587
8574249
1971486
8449736
8546829
6032310
6063543
5155898
4783059
1145353
6611252
3147656
3189656
2843055
6357982
2900120
2429514
5658351
5978834
3406096
5816752
9004531
4985101
5520938
1336718
9026728
2669651
4970755
7020138
5456405
9834001
9453521
5648046
7110225
4093161
5855282
9357709
9362228
9228813
2287337
9483651
8152043
7185858
1712216
6177778
7809785
4260602
4173564
3776529
2712631
3765711
2538348
2187664
1548546
5285869
5821098
1041982
5838185
8696262
1228141
4964676
9884859
3097975
4380960
1566150
3583938
4107864
6302187
9456569
8441310
8462698
4622677
3999519
8390299
5503294
8788963
2302082
4081966
6240582
8361939
1427162
4734403
3412634
3056986
1498639
3363527
6882202
6646791
8588684
9420993
6602467
9843412
4449648
7763540
5252504
4170059
7244606
6297320
1432607
8001541
5339504
4502914
9678614
9067715
6122251
7548734
3086569
1559215
5218014
4444258
3301553
4456506
8733890
9590175
1895898
3221439
2136620
1686503
4457769
2305566
4377349
8029949
3134488
8036784
1091272
2452112
5758963
5321262
3616141
4352659
3541161
8171985
4629393
3285900
3248384
4417726
4159906
5147239
4984541
1141679
4736320
5177159
7491339
1631436
8150063
3225347
8251714
5396079
3170129
1292718
5958561
8487642
4303742
9009411
9086318
1892295
1151656
2703961
2522536
3844833
4795831
8742493
1418111
3897186
4705019
3716461
6651161
3123104
2598006
3587187
6933754
2410284
8026464
4391112
3716298
3279862
7237522
5064414
1264425
3789128
9719214
9571707
1010209
2886461
3484272
8399869
1193725
8056684
5077937
9001825
5199608
5199780
3624773
6411217
9477583
9058561
4473707
7236828
8670214
3782881
4690432
8902967
4383226
2981076
2881811
4765433
3928052
3321972
8529735
4310002
3974368
9668226
2605620
8791554
3726750
6048811
8757064
4125108
6014047
9894943
7486555
6389017
9539172
4545794
2081127
2029809
2412849
2222755
7763394
6104765
6487214
6837682
6373287
7718742
4764514
8702745
3039130
5708506
9043981
9156578
5632127
1020318
4959912
1192619
9212790
3628366
5014319
1867550
2958945
3649379
3195252
5510614
5022580
3018384
7513601
7687054
6503337
9490192
1426825
3398883
5305464
9857458
9608453
8055487
7099126
8130386
1861198
1087696
4086268
8932768
4628916
2150682
7072875
9121621
5241281
3673788
8547244
7174805
7786310
9049595
4235687
5292810
5546172
5865024
8089364
8114088
1540261
5462264
6273822
9360756
1663771
6372737
2455330
4935996
7018815
8025920
5828449
8069996
7926464
3591830
8532100
7025733
7624772
8937116
1940319
1832282
4912696
3257628
2692664
3227410
5913850
8193749
1738804
2211591
5266865
3958127
9637430
5922785
3895442
4004402
1784329
2520919
6518950
1522190
5504089
6568948
7984629
6946718
3951091
4965671
4351961
5713680
1138129
6086658
3707984
7454516
2009649
5734836
6918540
7608399
9403639
5727535
7173414
1995634
8116162
3620911
5121560
2054121
8228198
9619816
1329533
3136087
7896331
5106343
7885246
8337367
4380828
8191604
8617015
5632686
5905724
4804711
8777132
6541580
5705698
5780121
7871928
5017947
5390410
6505846
8894916
7310460
2504930
7338181
7975951
5221442
8348044
4245269
9427999
1067500
5573395
1668366
8512229
9084804
1550592
9425863
9958433
8690554
7064376
7128315
1022301
1758157
6526500
6586096
1086983
4644285
9207600
3925942
6115605
6083720
2111646
7374099
6900371
8792652
3023411
1852553
2411147
9007852
6996476
1936442
8280847
5614163
6466523
7337457
1761056
8508950
2913984
4753892
4566879
1916456
8452064
7018611
9197574
3035548
9043417
2430438
9152331
9290303
8727682
7603168
2066084
9434625
3576892
9655265
1402212
2730688
7047838
8688845
4114084
5650327
6795550
6040218
5280466
4228441
4294711
7524281
7927124
1535600
6738376
4755743
9770625
6552707
7486770
6629662
3256114
5228906
5288051
9584085
1149776
8056770
7169723
8886152
2506469
5853941
7199516
3769819
3899722
3490039
8184915
3661361
2842183
6953728
9783464
5365901
6102241
4499306
2111690
2068929
3750421
5201209
9684023
9497216
1231163
7463736
7821934
3910218
6041764
4582593
2211758
5334280
8633006
8449107
4399203
7403845
8409363
3870760
7547249
5097732
7637128
8310120
1773477
6553279
6820254
3347762
2027517
9018005
8196481
3655580
2351217
4079583
8199930
4565544
6706864
2006048
2490950
1576336
8136822
3171122
9347958
4658745
9937163
6068420
8322836
1481113
3484734
2855496
7386448
3547930
4465316
6303593
7157856
8292889
8272265
3359929
2130476
4657501
5532072
9210465
1073894
3696453
1433406
2611393
1498067
6101655
1564787
8804173
9880758
1139995
5018213
6243197
4338458
8687557
8928219
6727698
8911878
3035703
6537198
4719893
1665478
7011815
3765964
5678239
5951837
6614646
7296733
2870352
7791026
9902191
2220672
6879468
8008597
7781537
2998507
9751462
5025005
4542191
4519633
4148869
9595553
4889725
7122312
2153160
4299904
2045062
4479970
2082882
1793228
1014673
7794764
2799312
3796584
4976873
2513517
6139228
5982348
2770537
6613243
6247605
9418260
8790494
7088116
3730890
9380866
2902972
6550370
2908954
7377314
1893189
9710659
3739672
8950746
7461941
4459456
3973611
7142591
6480040
1076204
2134832
1106374
1388224
2651855
7569011
4802715
1301158
9977900
9745822
3642104
2305456
1776872
3743273
1474759
2917674
9632469
2876184
6911178
6218055
7050579
3800541
8347121
6692164
9274684
7873577
2794007
2729321
8718810
9667702
1419251
4728364
9918362
6676325
5937403
3901570
6218961
6940635
7943425
1424533
7580068
8419958
2209274
3637228
4756413
3366938
2268506
8962453
5360799
7726866
3193595
9544029
2424535
7233917
4706520
7180355
5665148
5631322
3808145
4597875
6819029
7041715
4729858
8052157
9093714
2540203
1155379
5828106
3296627
5105534
4596045
7477306
1582019
4088330
6463532
5554562
9135087
3147386
3691112
9194434
8243309
6821600
4928534
4969062
7232710
5596439
7359034
2646494
6337947
2378180
1338520
6239417
5263249
9332724
7288439
5316588
7562242
1688255
5596873
9425140
6158205
2692643
5655879
6239743
7923415
2492751
2977932
7264095
7992472
7926322
4699136
8333270
6853877
8707384
7829215
1129649
4035413
3902271
9417646
6432142
2470620
9616693
7990519
8912428
9260328
5586197
4970753
3354278
4080423
8676218
8248710
8821170
5040503
6783000
7932419
1097146
8802527
5128340
8796569
5964652
8291324
5134349
5651206
5509815
8904753
7572459
1275851
4313378
8947113
7418094
4120828
5194467
3165707
3809247
3248239
4847472
3036784
3982111
6497335
7460867
2458173
6221862
4529559
3572648
7677635
4934750
1102295
7394932
9631999
7912251
4305054
1725558
1436235
1629606
7461918
1741107
4341736
2476773
1966387
7419243
6371226
3418072
8511041
9997725
4507987
9125946
5298386
6559878
4956475
1114452
5789604
6560350
7034983
8710766
4617129
3769990
6160810
7722920
4846909
5084391
2484540
7535530
4700836
2560167
9419251
8092405
7106642
8780800
9349685
1455481
9149555
9389166
1911908
6578112
5659885
8851557
1829955
5600015
4959337
2647719
1294682
4271270
3249497
2567461
9217525
2906251
8728573
9164411
4015399
2881815
7580441
2648786
6315810
8052074
2815104
7000513
7938794
6412907
1178290
5146376
8255408
3672264
7326430
1654462
9146649
8591062
9760745
3472685
3438076
3124217
7592783
3025905
9597040
1074879
6203346
7069674
2763096
1260158
8269090
3327730
6041819
9272052
1060842
9909728
6011924
1589301
4231776
3401140
3979223
5808489
9319634
8443235
1325885
8283562
6677561
8666631
2890715
3991107
3533855
1547629
6993559
5737947
8577549
3018046
2130165
8609587
8289820
6213898
5464703
1401440
4886074
2621017
6761197
3103114
9462554
8080192
7882487
1243680
5736199
3600374
7888894
9936400
6078406
1615486
3653758
8976379
7194032
1982599
1355653
8048749
1019094
3978391
2252350
6481876
9445154
9965985
8548842
5419022
9760307
7913960
1998410
2131009
5286748
6698022
9259963
5255307
3830721
6968721
3736213
7931014
2724545
6901559
8086718
9788915
3613409
3154529
6844285
9336311
5926249
6219682
1959837
6684705
8224145
1285538
2270556
2430623
3053037
2677464
5405611
1883079
6547721
2646627
5070066
9076230
2173314
3049642
2612928
2393189
7333715
1359212
2279768
2470629
8357652
8643796
8503936
4230241
8322770
3991136
3957718
7908615
9158061
4046365
9908793
1826270
2398588
2852926
1213358
3952344
2600277
7668823
1708062
9877924
8724278
9646116
7830960
3413222
9270968
4571717
5422016
3106945
2602286
9142039
2288640
8486592
9233816
7436099
2500355
3200185
7692696
2061535
7108610
7379372
8613811
4598524
7181796
3235318
6873929
7253711
3613155
3879382
2171144
8967030
1738291
5050642
1587322
5622026
3595073
7962797
3378673
6177757
3799729
1572795
4568624
7637622
2070526
1132134
1873243
6714887
8668607
5988430
3266156
1817036
5867109
8106594
8444061
7249992
9759349
9650780
2754955
4430755
1878494
3051618
8502781
4051867
9824264
5930410
4403714
6707010
3027398
3335553
2126512
5711849
6906189
9634683
6644369
7523787
1759869
4072425
8132103
4916377
5348456
3052156
6168333
3005266
4763501
4451997
3142653
2612964
7193096
4340945
6896698
2468062
5080165
8020289
8102851
6186289
5729574
5191673
6881983
5496001
9048577
4188762
1783392
8146660
4637157
9694693
1665569
6689177
6836089
4331972
4281400
1952619
8984901
5362405
8788993
4667257
3896568
8628548
4272492
4388215
5159076
7914386
9089496
6745381
6897379
7807204
6638141
7795379
5990491
9333126
8950212
5502289
7728862
2359842
8897310
3858770
4816642
6250359
8930415
6902559
7552387
2665204
1995208
4421108
9064343
8951485
9838826
9209667
9967967
1024477
4228179
6044127
5191912
3758046
2167380
1530610
7180821
5223685
5321606
6056602
7425546
4073342
2318058
1706848
3475681
6839869
3366619
1594577
8307011
7860381
2540540
1929944
2930259
3999470
3855195
4186127
2486273
3847036
2927218
5433208
8180473
6750014
2423427
8416676
3928436
2447797
9960904
3026243
9761451
2034511
5755030
1845991
2729122
9995567
4055320
6806399
1140518
3952897
9878586
6442110
3540804
5424815
3292004
1133863
3749368
4006632
1247602
2880954
5190419
6071495
6497882
6151485
2952613
7177433
1640001
7546265
5759856
4689389
8097521
5454302
1256529
9165834
6715530
1017347
8047763
5229234
8759478
9683765
2676685
2078652
1651477
8879178
3342355
5242812
7435550
3392706
5625468
6663085
6739748
4735979
1680518
8041909
5650617
6932329
9979143
9228592
1328452
5148698
2513289
7300318
1772156
4841157
2995837
6326461
5730503
9820610
7134707
6320752
9122809
7385237
8109605
2251517
7390161
3917273
6993494
2229223
8683766
5721968
2140917
2715787
2000192
2671201
9446458
6191571
2853437
3226792
1689489
7894929
8197213
7147327
8008267
4260606
1835412
8711016
7873073
3841805
2358582
5537527
2173144
7263051
5352024
1453353
9044383
7595305
6774029
9250839
4335085
2675449
4004849
8964398
1072587
3816889
8043187
9397124
6311835
7873260
3112295
9152172
1392607
2076100
2997341
8222916
7597480
1799169
9746380
3878738
5612493
6623768
8003968
2973906
4461064
5599675
8313584
2472072
8643260
9231261
4860247
5955340
2955385
7832135
7114991
4491740
3333976
9798854
5008924
1362612
1752723
4803981
5340167
3255307
2526614
7241195
4941466
8592345
9494338
1140385
6977002
4198265
1805374
3343144
2710194
5749376
9680257
1003232
7811746
1086969
1132975
1595152
3741586
8432991
6158821
1371212
1404116
5067793
5275945
2356959
6669393
2842960
6527990
5401128
1383436
9562852
4266721
8836678
9028513
5763515
9307184
6728804
4607225
5420096
5834242
1002325
1005878
5705236
7139442
6564880
6900742
5587359
1982837
4314771
9068277
6774033
3633530
8678704
3487673
3126550
2387982
4894495
6870351
9845078
2235441
3864100
7726460
5717408
3808743
8765733
2047100
2295885
7999250
9088850
8659507
3583659
9446133
8152193
7317468
3043177
1462240
5509011
8658967
7126330
2169414
9700093
5900135
3054674
5787972
3655086
2503796
1550139
5542440
6401171
9959143
8059357
6236324
5467786
9887136
7560431
5017308
4605086
5478094
9392618
2915296
7242506
6291819
8793918
5939347
2285363
1100796
3381072
3600719
3487206
1155099
8140800
6708612
8232815
9359169
1709604
8210268
2718503
1972397
1307045
9680241
6883039
4601137
7936863
2899113
1843724
2787798
9801149
1689322
1047677
5406787
4000073
3088552
9740343
9362658
9100103
6287359
4849989
5224538
4750145
5865701
1861533
3755182
8147944
3456102
3319980
2749564
9856241
6412071
7438712
4895270
8376813
6682385
7778405
6338929
6856474
7911898
7872190
4892537
1713875
2611679
1489073
8670169
8904482
9583900
6966165
3063255
8814957
3335042
4420818
9140150
4544521
6962319
9275348
5661055
9668565
6310903
2295125
6719984
3787508
2255546
2112935
3419386
4077641
2619781
7907904
3679347
6516019
9644890
2011615
7067899
8840053
1150798
8666046
7838816
4103294
2225991
5036379
4253928
4020470
6480755
7458458
3812724
4037507
3602241
7401567
5792249
1658535
4191805
6809927
8496039
1726729
8073861
6176077
2015265
6570161
3980239
8646284
2059986
6482368
5792035
7682646
5303122
7225945
4919613
8392151
8854932
3090914
7468374
6124992
5028851
9429709
2222875
9084294
1167189
5867210
4309041
7225727
2645732
8748569
1064015
1948282
5533775
9128754
9204523
4267962
4418785
4709172
6975112
4240349
9940551
2075982
1196686
4502327
6002149
9138257
8458356
9257338
4427613
2984741
5902743
2291915
2503682
4587042
5878397
9808255
5443970
4541336
3071154
3096037
9340309
1697717
2529316
5170267
3128778
8139912
3173515
2586494
3717768
9306647
6930714
4163289
8111238
6615874
1100825
8294807
7523499
5656119
8165189
6917347
8268480
5174810
5620534
7015939
4167578
8764011
4091044
2930584
3532936
6540033
2781247
6616407
7848845
3563589
4297202
9832903
4383032
3111328
4404087
2827452
6465331
5713933
9708842
9585776
9927929
9696793
1505306
8694910
5524158
2843180
3475777
7508074
8029425
5723152
3155959
1726181
8774696
1309388
6342823
7785323
5382234
8461284
7418069
6751208
1952856
7481983
5656530
5405235
1204194
7731318
3056131
4162940
5628350
4988693
4925477
9973821
7600502
2593431
7234079
7013076
7877477
5305937
7684568
8802598
4073489
5195159
4611193
9857236
4771937
7743025
1619567
1913005
3142474
1821602
9617203
5751471
4627123
3072369
1724759
2596700
5495212
5406961
1686106
2358817
2804516
2463500
9561485
5869167
6766402
6957019
9882640
8387218
9665911
7460774
3300580
3538898
9027138
9041164
6567140
5096477
1416447
4265096
6163122
2042174
3480071
4999943
9713112
1463574
1780083
6349096
7549553
1143775
2883689
9708226
9207468
8777764
4829332
5726574
3832959
4695518
7747674
9579739
3969038
2737433
7824310
8066773
7900553
3799913
8428399
9142794
8038722
7426977
8118596
1250812
7694044
6112182
2436224
1497914
3185632
8854207
3727293
3202765
8324145
6441806
2080745
7851681
3273892
5536189
1895652
6290116
2275316
7861359
3137530
4390085
1039706
9864624
3254759
3506896
6778474
3320123
8944240
1149455
4087309
4087558
8686596
7241734
7755285
8847436
4406862
4487626
5208290
9659551
3483120
2584923
1750858
1272378
6329350
9398328
3776734
8510955
2298814
4486483
5559057
4931470
1765869
7784442
8330935
7336845
3885100
5718889
3469487
8177722
5968017
1737498
4246542
8815587
5672331
5608146
2549937
3516526
7813689
2574022
7251388
9776005
1123079
9164794
6270476
8880591
8940535
7416389
7916531
7245998
3311581
3677860
3903196
8891622
1438076
6289609
9146252
9194396
4256129
6971347
1204205
3427424
6924958
6940307
6777355
8397910
5376478
9642121
4415274
7886478
2555023
4864791
8961453
3614474
1721569
8670330
9839299
5089515
7554791
5451311
1821608
2676247
7424200
9004454
7154863
8632770
7039716
8186931
3611445
8622525
7086998
6440962
7480638
7605413
6462236
2453205
9177757
9431848
8822786
5544319
5862138
7744304
9208721
4347393
2866909
3672422
2778142
4279357
8643907
4686016
2477595
7833856
1408088
5167994
5035068
6306574
5778515
7864429
6933317
2948847
7619844
8348543
7559840
1815695
3213783
8045942
9449876
4781828
3164640
8253375
3542101
1046144
8710500
9862521
3635972
7208831
7768617
4926951
5688328
3709109
7410179
1391526
9008637
9684424
6670139
7085294
6577498
9765600
9388615
3476836
5773616
1726343
7866037
5336327
1049705
6564638
9629491
8213041
1583447
3548589
6655370
3235454
5116758
2796426
9761945
8313611
8624516
2287135
5114034
7284554
5878320
8235786
7449909
6603622
6343989
4226666
9600948
2399166
3362938
3423892
6986055
3231334
5147220
9769464
1232054
7486048
3645275
4870303
8220679
3322291
8108491
9660033
8938774
8830360
6496301
6409664
5892040
7046615
6394023
7746020
3416709
3240299
7209573
1634345
6029857
6989168
5508474
5830840
4195159
2348686
2185106
6843009
8985484
5180373
1542650
5882155
5419217
8982135
7547397
8466134
7982352
9393107
4516711
1499238
3435062
5997396
2616092
4661688
4423985
4171583
9722871
8175228
5994456
5205088
6143851
2946968
8399283
6928896
3058162
2514882
2456724
8392879
6935607
9695974
6962046
1748814
5079011
1681979
2963924
3376028
8806802
1814707
9493385
7015921
6014300
1106012
9288389
7854510
1323650
3813169
9737561
9622804
8004186
2679858
2623923
1160608
6902309
4748289
6845702
3309177
1854999
4067733
4483013
9610630
9007705
1806287
7086473
7605047
9154607
1976857
8517886
8947776
8109267
8005100
9397285
6994786
8375423
5393568
2963626
8949083
9261213
4399545
5525774
9647174
1136825
2973454
3735815
5871617
4436294
2946052
4403475
6579598
8763095
2989497
5912822
1870939
7590849
2321233
3667590
2604117
6261327
2979237
3015631
2939822
5069353
6540918
7455643
8089962
1982252
3397071
8548250
5240929
2261295
2998228
6815139
4317531
6558956
6542551
9332144
7646451
2981186
6665359
5319823
1157577
9478801
5718449
8118669
4972120
8977361
8853169
2951249
7470209
3807869
2802832
3829923
2138105
4037260
7558851
6240270
6443204
1581664
1863735
6813310
3247862
5202531
9913989
6178202
1982296
3698391
6942898
6413509
7143045
6287664
3905356
4471001
1277203
4663690
2880195
6378700
6101960
4104594
6963448
2794732
1586372
2856446
7636419
7291188
3016918
6397158
3880601
1802402
9855477
1819906
9027963
7385629
7743253
7909725
8890356
5612980
5689486
3766111
4004725
9305682
6280112
6946198
1242648
1057943
5512804
7082985
7917369
1993417
5693279
8256047
1362801
1301888
8145556
7777712
2366515
7278709
1313089
4453257
1583940
7175165
5575365
8685571
7269337
4026642
4576389
7029349
2415337
5448346
5553755
5779262
7474819
3968670
3956792
8295334
6200019
6390902
1712213
4928405
7081837
4052508
2711804
3900349
3379820
2983175
8379688
8910900
2509318
8143648
2875954
7634448
7116994
3854784
6913630
4636771
7230308
7669750
4558143
5338198
4417722
1325767
9517664
8989673
1540435
2284558
1839305
9647704
8532112
4400641
2748263
1136083
1981304
6463886
8119286
9576038
8089875
4193673
6250102
6461212
5408812
5828250
8391855
6976240
5750378
3901544
7845970
9972935
9443466
2298410
7114055
3399794
6134359
8414284
4023882
8712348
7650425
2153370
1697017
7033712
2319942
3081399
4298803
5492174
5922244
1699866
6305573
9415443
2137753
1353350
7790144
3484669
8733940
9762685
3515070
1794080
3666049
8494287
6804353
3776198
1920399
6522180
9597831
4747309
3290258
7656083
9811427
2544792
9298320
9615390
5572711
8948628
5341241
1573200
1590678
1683236
7583444
9978587
9767228
9264734
1728926
3711328
9001820
1148063
5720830
9478829
5387134
3064449
1054280
6586110
8589674
5937696
6851741
5996461
7777310
9036910