3278177
2159864
2685444
8811705
4500043
6103503
7843057
4640573
9794265
7826788
4178978
2726173
2457388
4322695
2013308
3307010
5832381
8796733
6875812
2575616
7425725
7687858
7682176
5679406
8855451
7281846
2824986
5369245
1038792
7800134
1087781
4059192
5153126
4362261
1538668
7574463
1319789
1071240
2099061
3306698
1477486
9202394
4172946
8764664
1271235
1503389
7653923
4832412
2592232
4913800
1633004
3623421
2824448
8083995
1311531
2394499
1278762
9957862
2741307
7890001
8090684
4370707
4597089
5652602
5935965
3927802
8609820
1449308
5080244
8004414
7766357
6845500
1681888
7161398
9090541
9102796
1316897
3730413
2806230
5666390
8150737
6591512
7552562
1914412
7421495
4026968
1411383
8641652
2851960
8675841
7112969
6456268
9414066
7250723
9908919
4055546
4838294
5015617
4426913
5750505
8623970
7794095
7284328
6829150
8783086
9577308
8279931
8250409
3294910
3805644
8387805
1816961
5235517
6809928
8969993
1581196
2999043
8513927
4881762
1526686
4606006
1692558
2882474
3781204
7905952
4308123
3614054
8320892
9148770
8866778
1330057
7679788
6284911
6364643
6328068
5333620
9915677
8660937
9070302
1139342
8791276
5563641
6746513
8301585
4337956
6706915
3373054
3473180
8417828
7909232
8082616
3495440
2416505
5581584
5009110
2790411
4543659
8257724
5818175
5888474
6484706
9581857
6185176
2039728
9977104
9794604
6635657
5320970
6795877
9747331
2882658
8804924
8035899
9430969
4517311
9079551
2576865
5147790
3457604
5167234
8842854
9777631
5541154
2582429
2851755
3094456
2424370
8900695
6305231
2489218
8517551
2612493
1889329
7611996
1601622
9219620
4039491
7336160
8514552
4125200
5521116
6442275
3369953
2319410
5632630
6261818
3867937
5242871
5525220
4395329
9936375
2431759
3497057
5588401
8220205
8900260
8351914
5114809
7802972
9474149
1643880
6669990
4135779
2942508
4199596
5702128
4436773
8490997
9763200
8129401
2964002
4014331
5742982
7527484
6558810
4926196
6343624
9818795
1424031
1992991
7118801
6218863
5913419
9587640
4338969
2012639
1424755
1709760
6235083
8859100